0 0 0 0 0 0 0 0 0 0 0 0
0 0 0 0 0 0 0 0 0 0 0 0
30 0 1200 100 32 32 32 32 20 20 20 20
90 0 1200 99 32 32 32 32 20 20 20 20
90 0 1200 99 32 32 32 32 20 20 20 20
91 20 1800 99 32 32 32 32 20 20 20 20
95 80 3100 99 32 32 32 32 28 28 31 31
100 80 3100 98 32 32 32 32 45 45 62 62
101 80 3100 98 32 32 32 32 49 49 67 67
101 80 3100 98 32 32 32 32 49 49 67 67
101 80 3100 98 32 32 32 32 49 49 67 69
101 120 4700 98 32 32 32 32 74 74 91 91
101 180 6000 97 32 32 32 32 87 87 113 113
98 240 5200 97 31 31 32 32 108 117 129 135
98 280 4500 97 31 31 32 32 125 125 148 148
98 280 4500 97 31 31 32 32 125 125 148 148
98 280 4500 96 31 31 32 32 125 125 148 148
98 280 4500 96 31 31 32 32 125 125 148 148
98 280 4500 96 31 31 32 32 125 125 148 148
98 280 4500 96 31 1 32 32 125 125 148 148
102 150 3900 96 31 1 32 32 125 125 148 148
98 50 2200 96 31 1 32 32 125 125 148 148
90 0 1200 96 31 1 32 32 125 125 148 148
90 0 1200 96 31 1 32 32 120 120 141 141
90 0 1200 96 31 1 32 32 102 104 120 118


